43.46727
43.45397
43.45778
43.46221
43.46249
43.45517
43.462720000000004
43.4633
43.4631
43.46308
43.46315
43.463229999999996
43.46368
43.46334
43.45466
43.46367
43.45487
43.4622
43.46232
43.46307
43.46327
43.46262
43.464420000000004
43.46415
43.4639
43.455709999999996
43.463359999999994
43.46212
43.46197
43.46399
43.46369
43.46293
43.45714
43.46324
43.46352
43.46369
43.45606
43.4584
43.464
43.45431
43.4627
43.46366
43.46321
43.46324
43.4627
43.46475
43.46327
43.46277
43.46354
43.464
43.4559
43.46368
43.46326
43.462270000000004
43.47207
43.460159999999995
43.471940000000004
43.47197
43.47181
43.47204
43.47207
43.471709999999995
43.47182
43.47201
43.47204
43.47188
43.471940000000004
43.472
43.47191
43.47213
43.46301
43.46307
43.46302
43.462579999999996
43.46262
43.462309999999995
43.46248
43.462959999999995
43.46301
43.462379999999996
43.46241
43.46295
43.46229
43.4629
43.4631
43.46268
43.463029999999996
43.46224
43.46252
43.462920000000004
43.462540000000004
43.46327
43.46263
43.46269
43.46267
43.46313
43.46248
43.46349
43.462379999999996
43.4628
43.46198
43.46233
43.46232
43.46243
43.46181
43.462509999999995
43.46291
43.463609999999996
43.46275
43.46286
43.46263
43.463229999999996
43.463190000000004
43.46252
43.46328
43.46282
43.46212
43.475559999999994
43.45536
43.455659999999995
43.46206
43.45686
43.461040000000004
43.46167
43.46145
43.462590000000006
43.46176
43.461040000000004
43.46147
43.46225
43.46192
43.461870000000005
43.46203
43.46184
43.46428
43.46438
43.46468
43.464420000000004
43.464620000000004
43.46423
43.46516
43.46393
43.464290000000005
43.464
43.46412
43.46448
43.464259999999996
43.46386
43.464009999999995
43.46425
43.464690000000004
43.46242
43.46208
43.4618
43.46217
43.46219
43.46204
43.46284
43.46264
43.46246
43.462109999999996
43.4625
43.46282
43.46386
43.46465
43.457809999999995
43.4591
43.4582
43.45647
43.45711
43.45854
43.4584
43.459379999999996
43.457879999999996
43.45802
43.45839
43.45731
43.457609999999995
43.45527
43.4592
43.45706
43.463229999999996
43.46434
43.46334
43.46477
43.464529999999996
43.46471
43.46439
43.46365
43.46467
43.46485
43.463429999999995
43.46439
43.46359
43.46385
43.464059999999996
43.464240000000004
43.4644
43.46359
43.46335
43.46385
43.46409
43.46474
43.463640000000005
43.464459999999995
43.463159999999995
43.46294
43.46275
43.4566
43.4647
43.45276
43.46436
43.462070000000004
43.4525
43.45427
43.45196
43.4529
43.45346
43.45255
43.45321
43.452690000000004
43.45355
43.45223
43.45418
43.4524
43.46417
43.462759999999996
43.46222
43.46266
43.4624
43.46393
43.46224
43.462540000000004
43.462070000000004
43.46324
43.4625
43.46264
43.46217
43.46321
43.46337
43.46322
43.46338
43.46255
43.4637
43.463029999999996
43.46305
43.46297
43.46222
43.462579999999996
43.46287
43.46217
43.46311
43.46216
43.46229
43.46328
43.46216
43.46244
43.46078
43.46056
43.4597
43.45943
43.46029
43.46017
43.460390000000004
43.45903
43.46069
43.46008
43.45993
43.46239
43.45859
43.460679999999996
43.463390000000004
43.45733
43.46086
43.461729999999996
43.46168
43.4615
43.46152
43.46128
43.46202
43.46078
43.46218
43.46156
43.4613
43.46161
43.46157
43.4615
43.46133
43.46133
43.46152
43.46144
43.46102
43.4609
43.46096
43.46217
43.46225
43.46301
43.46291
43.46074
43.46138
43.46162
43.45075
