0.0
17.87
12.83
16.06
0.0
17.87
15.8
""
16.96
17.67
0.0
""
14.83
0.0
""
14.7
""
17.03
16.0
17.16
17.87
""
0.0
0.0
16.45
16.0
16.51
16.12
0.0
16.0
15.16
17.03
15.93
15.74
0.0
0.0
0.0
15.22
0.0
20.51
17.87
0.0
18.7
18.25
17.22
16.0
16.7
18.0
0.0
16.06
16.9
0.0
17.54
""
24.25
19.93
24.38
21.54
27.09
20.06
22.7
25.74
28.38
23.93
22.38
24.9
25.03
23.87
26.51
26.51
13.35
14.58
12.19
""
""
12.7
12.77
""
11.8
12.32
13.67
13.48
12.7
12.0
14.77
12.77
13.29
12.45
0.0
14.51
0.0
11.87
0.0
15.8
11.67
13.03
12.32
14.45
14.0
14.0
13.54
12.45
""
0.0
12.51
12.19
12.58
13.09
13.87
13.03
12.25
13.09
12.96
12.77
""
13.8
-7.67
0.0
""
18.38
-8.45
22.96
11.87
12.12
12.06
14.0
12.12
12.19
13.67
18.12
10.25
11.22
16.25
15.87
12.19
10.12
12.19
11.09
""
12.25
0.0
0.0
11.41
11.67
0.0
0.0
12.7
11.41
10.0
12.45
10.25
""
13.22
13.29
""
11.67
13.67
14.0
13.41
14.06
13.8
11.74
14.25
""
22.58
7.54
12.7
0.0
""
6.7
8.0
7.87
8.25
0.0
8.64
9.16
7.74
0.0
7.93
7.54
0.0
8.12
""
11.87
""
11.41
""
11.48
10.77
0.0
""
10.45
10.51
11.22
11.54
11.67
10.77
11.09
10.96
11.03
10.51
10.32
10.25
10.77
10.32
13.61
""
13.74
0.0
10.32
0.0
0.0
22.0
17.03
17.22
16.45
17.03
17.41
17.16
16.38
17.29
14.96
0.0
16.12
15.22
0.0
25.29
18.12
17.29
17.67
0.0
16.9
11.09
6.0
""
4.32
5.54
3.54
4.45
4.83
0.0
5.22
3.8
""
5.8
4.7
""
5.09
2.96
4.51
4.25
5.61
5.35
4.83
4.77
5.48
""
""
5.09
7.03
7.29
5.8
5.48
4.24
""
0.0
5.54
4.9
7.29
0.0
5.74
10.45
0.0
13.8
0.0
""
""
0.0
""
13.61
11.35
12.06
11.67
11.61
9.8
11.93
9.67
0.0
10.77
0.0
12.77
12.7
11.87
12.25
13.74
9.0
0.0
0.0
-36.58
-39.09
228.77
17.35
